mtpMinInd=[45.000  -362.800   -150   -158.900    20   140.000   124.000    11.600  -70];
minInd=[3,4,5,6,7,9];
lbDiffMen=[-300, -300,8 ,50 ,50 ,-300];
ubDiffMen=[-10 ,  -10,25,290,280,-20 ];
npDiffMen=[  10,   10, 5, 10, 10, 10 ];